%YAML:1.0
---
K: !!opencv-matrix
   rows: 3
   cols: 3
   dt: d
   data: [ 7.5173785335459513e+02, 0., 1.3462946011076610e+03, 0.,
       7.8673742139850322e+02, 9.5052432929865074e+02, 0., 0., 1. ]
D: !!opencv-matrix
   rows: 1
   cols: 5
   dt: d
   data: [ -2.1137987473663292e-01, 3.3040331361893702e-02,
       -1.5911173123164940e-03, -1.0060910659426062e-03,
       -2.0229021643647436e-03 ]
