%YAML:1.0
---
K: !!opencv-matrix
   rows: 3
   cols: 3
   dt: d
   data: [ 8.0676284298169173e+02, 1.8018513296859422e-02,
       1.2900618010400715e+03, 0., 8.1613448780631097e+02,
       9.7005777964668903e+02, 0., 0., 1. ]
D: !!opencv-matrix
   rows: 4
   cols: 1
   dt: d
   data: [ -2.0040513098551538e-01, -1.0694179156294592e+00,
       1.3131696565670953e+01, -2.4423402240500053e+01 ]
